FarthestInsertion solution for TSP problem on rat783.tsp

6
13
11
4
34
28
24
27
26
21
16
32
51
42
54
14
22
35
62
50
68
85
71
61
59
31
36
20
8
30
19
5
3
29
48
64
39
33
10
9
12
18
7
2
23
17
1
15
25
56
49
52
88
110
117
125
146
139
123
115
97
57
37
45
41
46
70
80
100
67
81
94
83
65
47
53
58
76
63
74
77
89
95
98
107
111
120
151
162
156
136
127
153
175
160
155
147
172
180
186
185
215
216
239
236
235
242
246
255
270
266
305
313
328
344
356
343
352
359
363
384
395
423
429
436
445
452
453
458
466
472
482
484
499
511
526
533
548
560
568
576
580
596
624
638
640
659
665
672
683
697
704
725
734
738
769
778
772
761
747
735
745
765
760
736
718
709
705
688
678
671
679
685
680
706
690
675
660
655
645
648
652
626
611
594
586
579
597
598
612
627
634
644
691
698
732
743
739
722
758
776
759
757
768
733
737
713
692
681
657
661
649
641
619
613
590
599
569
561
562
554
551
534
530
508
512
517
506
485
486
492
539
540
547
531
518
519
513
557
552
588
578
566
563
564
529
515
495
463
455
460
473
456
477
491
500
501
483
467
457
449
430
426
433
422
438
443
425
407
401
390
387
382
397
389
405
392
366
358
339
371
365
376
353
346
332
325
323
319
327
335
317
294
302
289
277
276
278
273
274
248
249
286
299
306
291
267
268
256
243
227
222
231
230
205
195
196
184
204
224
208
202
187
161
152
143
137
133
179
198
200
176
163
169
140
128
116
112
108
105
102
118
138
157
164
165
190
206
217
240
258
259
232
293
316
307
290
300
321
333
350
347
393
424
420
408
409
410
377
370
391
431
439
435
419
417
441
469
470
464
507
535
536
556
541
542
521
505
494
496
497
476
448
434
437
418
411
372
345
322
303
292
281
269
250
233
225
219
212
211
209
182
173
126
121
124
150
144
129
159
183
188
210
253
251
262
275
295
311
330
336
326
318
312
301
287
282
310
308
288
283
257
237
226
221
213
201
197
244
260
263
229
228
241
252
245
247
261
279
297
341
355
369
374
396
440
447
454
468
478
502
509
528
525
537
544
567
582
593
606
637
647
616
592
595
608
635
643
663
656
658
687
717
711
714
744
753
782
783
775
771
767
729
712
682
677
625
623
620
602
585
583
574
545
532
498
471
451
427
421
442
461
481
479
510
503
504
523
546
549
550
538
555
516
490
462
444
428
399
394
413
406
404
367
357
329
315
314
304
296
284
309
331
342
334
324
362
379
398
412
378
361
349
368
385
388
373
403
415
414
400
402
432
450
465
475
488
493
520
514
524
559
573
581
604
615
629
632
670
696
703
715
694
728
751
764
752
756
724
702
716
742
741
746
723
708
676
674
668
667
664
673
650
642
618
610
589
572
553
543
571
575
565
570
605
639
631
633
614
630
689
710
700
701
727
750
731
730
693
662
654
653
646
651
666
686
695
699
726
740
749
763
781
780
770
762
766
774
773
777
779
748
755
754
721
720
719
707
684
669
636
601
600
584
591
609
603
622
621
628
617
607
587
577
558
527
522
480
489
487
474
446
459
416
383
337
338
348
351
381
386
380
375
360
354
364
340
320
298
272
271
220
203
191
189
167
154
141
130
99
86
82
103
92
72
93
69
90
78
55
44
60
73
91
104
113
132
131
158
166
178
192
207
223
214
174
170
168
145
119
148
142
122
96
75
87
84
114
109
149
177
181
194
218
238
264
265
280
285
254
234
199
193
171
134
135
106
101
79
66
43
38
40
6

Tour Length: 10930
