NearestNeighbour solution for TSP problem on rat783.tsp

1
15
25
37
45
57
52
49
56
88
97
110
117
123
139
147
155
160
175
195
196
184
162
156
151
136
127
153
115
100
80
70
67
81
94
83
76
98
95
89
74
77
64
71
85
99
102
105
108
112
116
133
137
143
152
161
187
202
208
224
243
256
267
268
258
259
240
232
233
225
217
206
200
198
179
176
163
169
157
164
165
173
182
190
211
209
212
219
210
213
221
226
237
251
253
262
275
257
244
229
228
220
203
191
189
197
188
183
201
159
154
141
130
129
144
150
126
121
124
118
138
128
140
120
111
107
65
53
58
47
46
41
23
17
2
7
18
12
9
10
3
5
19
30
8
20
36
31
35
22
14
32
26
27
21
16
24
28
34
43
38
40
6
13
11
4
60
55
44
69
78
90
93
92
103
72
54
42
51
62
50
61
59
68
86
82
48
39
29
33
63
125
146
172
180
186
205
216
215
235
242
236
239
246
255
276
277
289
302
313
305
270
266
294
278
273
274
248
249
227
222
231
230
204
286
299
291
306
293
307
300
290
281
269
250
292
303
322
321
333
345
347
350
332
325
323
319
327
335
358
344
328
343
352
359
356
363
384
395
390
387
382
397
407
401
423
429
436
445
452
458
453
466
484
485
506
517
512
508
492
486
463
455
460
449
456
457
467
483
491
500
501
507
505
521
536
535
541
542
558
565
570
577
584
591
587
603
609
622
636
630
633
631
639
642
632
629
615
604
606
593
592
582
595
608
602
585
583
574
567
549
546
538
550
555
523
516
504
503
510
498
502
509
525
528
537
544
532
545
559
573
572
571
575
589
610
618
605
614
601
600
621
628
617
607
588
599
590
598
597
586
594
580
568
576
560
548
533
526
511
499
482
472
443
438
422
433
426
430
424
420
408
409
410
419
417
411
418
434
437
448
441
435
431
439
469
470
464
476
494
496
497
487
489
480
474
459
446
432
414
415
403
388
385
368
373
383
364
348
340
338
337
349
361
362
342
334
324
320
309
298
284
279
261
252
245
241
272
271
263
260
283
288
308
310
301
287
282
312
318
326
336
330
311
295
354
351
381
386
380
375
360
372
370
377
393
376
365
353
346
339
371
392
389
405
425
366
317
316
391
416
402
400
412
398
378
379
369
374
396
399
394
413
406
404
367
357
355
341
329
314
315
285
280
265
264
247
238
218
214
223
207
192
178
174
166
158
145
148
142
122
114
109
106
101
79
84
87
75
66
73
91
96
104
113
119
131
132
167
168
170
181
177
194
199
193
171
149
134
135
234
254
297
296
304
331
421
428
442
461
462
444
479
481
471
478
468
454
447
440
427
451
475
465
450
488
493
514
520
524
522
527
543
553
581
616
637
647
670
676
674
668
667
664
673
662
654
653
646
651
666
669
684
661
649
657
681
691
692
698
713
707
719
720
721
726
740
748
766
774
773
777
779
768
759
757
758
743
739
732
736
745
735
718
705
709
688
678
671
679
685
680
690
675
660
655
645
648
652
659
665
672
683
697
704
725
734
738
747
761
772
765
760
776
733
737
754
755
749
750
763
770
762
727
730
731
723
741
746
756
752
742
724
715
703
696
694
702
708
716
693
701
700
689
710
695
699
686
650
663
656
658
643
635
625
623
620
677
682
687
711
714
712
729
744
753
767
771
775
783
782
764
751
728
717
781
780
722
706
644
641
619
613
612
627
634
611
626
638
640
624
596
579
562
554
551
534
530
539
540
547
531
518
519
513
515
529
552
557
578
566
563
564
556
495
473
477
561
569
769
778
490
185
1

Tour Length: 10973
