Solution for TSP problem on rat783.tsp

62
50
35
22
14
32
16
21
26
27
24
28
34
4
11
13
6
40
38
43
66
75
87
84
79
101
106
109
114
122
134
135
149
142
148
145
131
132
141
130
129
154
167
159
183
188
197
191
189
203
220
228
229
244
226
221
213
201
210
237
251
253
262
257
275
287
282
283
260
263
272
271
288
308
310
301
312
318
326
311
295
303
292
281
269
250
233
232
240
259
258
268
256
267
286
299
291
306
293
290
300
307
316
332
350
347
345
333
321
322
330
336
360
354
351
348
340
338
337
349
361
362
342
331
334
324
320
298
309
304
297
296
284
279
261
252
241
245
247
238
214
223
207
192
178
158
166
174
168
170
194
181
177
171
193
199
218
234
254
264
265
280
285
315
314
329
341
355
357
367
394
404
406
413
399
396
374
369
379
378
398
412
427
421
428
442
444
462
461
471
481
479
490
504
516
523
503
510
532
545
549
546
538
550
555
574
567
582
592
595
608
583
585
602
620
623
625
635
643
663
656
658
677
682
687
696
703
694
702
708
716
724
742
752
756
764
751
728
715
717
714
711
712
729
744
753
767
771
775
783
782
781
780
770
763
762
749
750
746
741
723
731
730
727
693
689
701
700
710
686
695
699
707
713
698
692
691
681
657
649
661
684
669
666
651
646
653
654
662
650
673
664
667
668
674
676
670
647
637
616
606
593
604
581
573
559
553
572
571
575
543
527
522
524
514
520
537
544
528
525
509
502
498
478
468
454
451
447
440
450
465
475
488
493
489
480
474
487
497
496
494
476
464
470
469
467
457
456
449
460
455
463
473
477
483
491
500
501
507
505
521
536
535
529
515
513
519
518
495
492
486
508
512
517
506
530
534
551
554
562
579
569
561
539
531
540
547
557
552
578
566
563
564
556
541
542
558
565
570
577
584
591
600
601
614
605
589
610
618
615
629
632
642
639
631
633
630
636
622
609
603
587
607
621
628
617
619
613
588
599
590
598
597
612
627
634
641
644
660
675
680
690
706
685
679
671
655
645
648
652
659
678
688
709
705
718
735
745
736
732
743
739
722
733
737
719
720
721
726
740
748
766
774
773
755
754
777
779
768
757
759
776
758
760
765
772
761
778
769
747
734
738
725
704
697
683
672
665
640
638
624
626
611
594
586
580
596
576
568
560
548
533
526
511
499
472
482
484
485
466
458
453
452
445
436
429
423
395
384
363
352
359
356
343
328
344
358
366
371
405
392
389
397
382
387
390
401
407
425
443
438
422
433
426
430
424
420
408
409
410
391
411
418
417
419
431
439
435
441
448
434
437
459
446
432
416
402
400
414
415
403
388
385
368
373
383
364
381
386
380
375
372
370
377
393
376
365
353
346
339
325
323
319
327
335
317
294
302
313
305
289
266
270
277
276
273
278
274
248
249
243
224
208
202
187
204
222
227
231
230
255
246
239
236
242
235
215
216
205
186
180
172
185
146
125
117
123
139
147
155
160
175
195
196
184
162
156
151
136
153
127
107
111
120
152
161
143
137
133
116
112
128
140
157
169
163
176
179
198
200
190
206
217
225
219
212
211
209
182
173
165
164
150
144
124
121
126
118
138
108
105
102
99
85
71
64
48
39
63
74
77
89
95
98
76
83
94
65
58
53
47
46
41
67
81
70
80
100
115
110
97
88
56
49
52
57
45
37
25
15
1
17
23
2
7
18
12
9
33
29
10
3
5
19
30
8
20
31
36
59
61
68
86
82
72
92
103
93
69
78
90
104
113
119
96
91
73
60
55
44
51
42
54

Tour length: 8892
