TwoOpt solution for TSP problem on rat783.tsp

6
13
11
4
34
28
24
27
26
21
16
32
51
42
54
14
22
35
50
62
68
85
99
71
61
59
36
31
20
8
30
19
5
3
29
48
64
39
33
10
9
12
18
7
2
23
17
1
15
25
52
49
56
88
110
117
125
146
139
123
115
97
100
80
70
57
45
37
41
46
67
81
94
83
65
47
53
58
76
63
74
77
89
95
98
107
111
120
151
162
156
136
127
153
175
160
155
147
172
180
186
185
215
216
235
242
236
239
246
255
270
266
305
313
328
344
356
359
343
352
363
384
395
423
429
436
445
452
453
458
466
484
482
472
499
511
526
533
548
560
576
568
580
596
624
638
640
665
672
683
697
704
725
734
738
769
778
772
761
747
735
745
765
760
736
718
705
709
688
678
671
679
685
680
706
690
675
691
698
722
732
739
743
758
776
759
757
768
737
733
713
692
681
657
661
649
660
655
645
648
652
659
626
611
594
586
579
597
598
612
627
634
644
641
619
613
599
590
569
561
562
554
551
530
534
539
540
547
531
518
519
513
529
552
557
588
578
566
563
564
556
535
536
541
542
521
507
501
515
495
492
508
512
517
506
485
486
463
455
460
473
477
491
500
483
467
457
456
449
430
426
433
422
438
443
425
407
401
390
387
382
397
389
405
392
366
358
339
371
365
376
393
424
420
408
409
410
417
419
431
439
435
441
464
470
469
505
494
496
497
476
448
437
434
418
411
391
372
377
370
345
347
350
353
346
332
325
323
319
327
335
317
294
302
289
277
276
278
273
274
248
249
286
299
306
291
268
267
256
243
222
227
231
230
205
195
196
184
204
224
208
202
187
161
152
133
137
143
176
179
198
200
190
206
217
232
240
258
259
293
316
307
290
300
321
333
322
303
292
281
269
250
233
225
253
251
262
275
295
311
330
336
326
318
312
301
287
282
310
308
288
283
257
237
226
221
244
260
263
271
272
298
320
337
338
340
348
351
354
360
375
380
386
381
364
383
400
402
416
446
459
474
480
489
487
522
527
558
565
570
577
584
587
607
617
628
621
622
609
603
591
600
601
614
630
636
666
669
684
707
719
720
721
748
755
754
779
777
773
774
766
762
770
780
781
763
749
740
726
699
695
686
651
646
653
689
710
700
701
727
750
731
730
693
662
654
633
631
639
610
618
642
650
673
664
667
668
676
674
708
716
723
746
741
742
752
756
764
782
783
775
771
767
753
751
728
724
702
715
703
696
694
670
647
637
629
632
615
604
581
573
572
589
605
575
571
559
553
543
524
520
514
493
488
475
465
450
432
414
415
403
388
385
373
368
349
361
378
412
398
379
362
342
331
334
324
309
296
304
341
355
369
374
396
421
427
440
447
454
468
478
502
509
525
528
537
544
545
532
498
471
451
442
461
479
481
510
503
504
523
538
546
549
567
582
593
606
616
592
595
608
635
643
663
656
658
687
711
714
717
744
729
712
682
677
625
623
620
602
585
583
574
550
555
516
490
462
444
428
399
394
413
406
404
367
357
329
315
314
297
284
279
261
247
245
252
241
229
228
220
203
191
189
167
154
141
130
129
144
150
159
183
188
197
201
213
210
219
212
211
209
182
173
165
164
157
169
163
140
128
116
112
108
105
102
118
138
126
121
124
86
82
72
92
103
93
90
78
69
44
55
60
73
91
104
113
131
132
158
174
178
192
207
223
214
218
238
264
265
280
285
254
234
199
193
171
177
181
194
170
168
166
145
119
148
142
149
135
134
122
96
114
109
106
101
79
84
87
75
66
43
38
40
6

Tour Length: 9812
