FarthestInsertion solution for TSP problem on fl1577.tsp

1206
1207
1294
1208
1293
1209
1299
1388
1292
1300
1210
1291
1387
1301
1211
1290
1212
1302
1386
1385
1289
1213
1303
1288
1384
1304
1214
1287
1215
1305
1383
1382
1286
1216
1306
1285
1381
1307
1217
1284
1380
1379
1218
1219
1308
1378
1377
1309
1376
1283
1310
1282
1375
1374
1220
1311
1373
1312
1372
1221
1281
1222
1280
1223
1371
1370
1279
1224
1278
1225
1369
1313
1277
1314
1368
1315
1367
1226
1227
1228
1276
1229
1275
1316
1366
1365
10
9
8
56
57
98
110
97
96
58
21
20
19
18
42
77
76
78
79
109
111
112
108
113
107
114
106
115
95
80
75
43
41
17
16
40
44
39
45
38
46
55
37
11
7
6
54
74
81
94
99
100
93
73
53
72
92
101
82
83
71
84
116
134
133
132
131
130
129
128
117
127
118
126
119
120
121
122
123
124
125
85
70
22
23
24
25
5
4
3
2
1
26
47
59
60
52
61
48
15
14
51
62
49
50
36
13
12
35
34
27
33
28
32
29
30
31
69
86
87
68
102
88
67
66
89
103
104
90
65
64
63
91
105
1364
1317
1230
1274
1318
1231
1273
1363
1319
1232
1272
1362
1320
1233
1271
1361
1321
1234
1270
1360
1322
1235
1269
1236
1323
1359
1358
1268
1324
1237
1267
1238
1325
1357
1356
1266
1239
1326
1355
1265
1327
1240
1264
1354
1328
1241
1263
1353
1352
1242
1243
1329
1351
1350
1330
1262
1331
1261
1244
1332
1346
1333
1245
1260
1246
1259
1247
1258
1248
1257
1249
1256
1250
1251
1252
1253
1254
1338
1337
1339
1255
1340
1336
1341
1335
1334
1342
1343
1344
1345
1347
1348
1349
151
152
142
141
140
139
138
136
137
274
273
272
271
270
269
268
267
266
265
264
263
262
261
260
259
258
257
256
255
254
253
252
251
250
249
248
247
246
245
244
243
242
241
240
239
238
237
236
235
234
233
232
231
230
229
228
227
226
225
224
223
222
221
220
219
218
217
216
215
214
213
212
211
210
209
208
207
206
205
204
203
153
202
154
201
155
200
156
199
157
198
277
276
275
837
838
839
840
841
842
843
844
845
846
847
848
849
850
851
852
853
854
855
856
857
858
859
860
861
862
863
864
865
866
867
868
869
870
871
872
873
874
875
1416
1464
1548
1506
1549
1465
1417
1418
1419
1550
1507
1551
1508
1466
1509
1552
1420
1467
1421
1468
1553
1554
1422
1469
1423
1470
1555
1510
1424
1556
1511
1425
1557
1558
1471
1512
1559
1472
1513
1560
1561
1514
1426
1427
1562
1463
1415
1505
1547
1546
1462
1504
1414
1461
1545
1503
1413
1460
1544
1502
1412
1459
1543
1501
1411
1458
1542
1500
1410
1457
1541
1499
1409
1456
1540
1498
1408
1455
1539
1497
1407
1454
1538
1496
1406
1453
1537
1495
1405
1452
1536
1494
1404
1103
1104
1105
1106
1107
1108
1109
1110
1111
1112
1113
1114
1115
1116
1117
1118
1119
1120
1121
1122
1123
1124
1125
1126
1127
1128
1129
1130
1131
1132
1133
1134
1135
1136
1137
1138
1203
1202
1139
1204
1205
1048
1047
1046
1045
1044
836
835
834
833
832
831
278
279
280
281
282
283
284
285
286
287
288
289
290
291
292
293
294
295
296
297
298
299
300
301
302
303
304
305
306
307
308
309
310
311
384
197
196
195
194
193
192
191
190
189
188
187
186
185
184
183
182
181
180
179
178
177
176
175
174
173
172
171
170
169
168
167
166
165
164
163
383
382
381
385
386
387
388
389
390
391
392
393
394
395
396
397
398
399
400
401
402
403
404
405
406
407
408
409
410
411
412
413
414
415
416
417
418
419
420
421
422
423
424
425
426
427
428
429
430
493
492
491
503
490
504
505
506
614
615
609
616
608
617
607
618
606
619
605
620
604
621
603
622
602
623
601
624
600
625
599
626
598
627
597
628
596
629
595
630
594
631
593
632
592
633
591
634
590
635
589
636
588
637
587
638
586
639
585
640
584
641
583
642
582
643
581
644
580
645
579
646
578
647
577
648
576
649
575
650
574
651
573
652
572
653
571
654
570
655
656
556
909
910
911
912
913
914
915
916
917
918
919
920
921
922
923
924
925
926
927
928
798
797
796
795
794
793
792
791
790
789
788
787
786
785
784
783
782
781
780
779
778
777
908
776
907
906
775
774
905
773
904
903
772
771
902
770
901
900
769
768
899
767
898
897
766
765
896
895
764
763
894
762
893
892
761
760
891
759
890
889
758
757
888
937
938
939
940
981
1004
1060
1059
1058
1057
1005
980
941
982
979
942
983
978
1006
1056
1089
1099
1100
1098
1101
1473
1563
1564
1515
1428
1474
1429
1430
1431
1565
1516
1566
1517
1475
1518
1567
1432
1476
1433
1477
1568
1569
1434
1478
1435
1479
1570
1519
1436
1571
1520
1437
1572
1573
1480
1521
1574
1481
1522
1575
1576
1523
1438
1439
1577
1451
1535
1493
1403
1450
1402
1492
1534
1533
1449
1491
1401
1448
1532
1490
1400
1447
1399
1489
1531
1530
1446
1488
1398
1445
1529
1487
1397
1444
1528
1486
1396
1443
1395
1485
1527
1526
1442
1484
1394
1441
1393
1483
1525
1524
1440
1482
1392
1201
1200
1199
1198
1197
1196
1195
1194
1193
1192
1191
1190
1189
1188
1187
1186
1185
1184
1183
1182
1181
1180
1179
1178
1177
1176
1175
1174
1173
1172
1171
1170
1169
1168
1167
1166
1165
1164
1163
1162
1161
1160
1159
1158
1157
1156
1155
1154
1153
1152
1151
1150
1149
1148
1147
1146
1145
1144
1143
1142
1141
1140
1102
1090
1077
1055
1003
984
943
977
1002
1054
985
1001
1078
1079
1080
1061
1053
1000
944
945
999
1052
998
1051
1076
1075
1050
946
976
947
975
948
986
1007
1074
1091
1073
974
949
987
1008
997
973
988
1009
996
972
989
1010
1062
1072
1088
1087
1071
1081
1063
1070
1082
1083
1064
995
971
950
994
951
970
952
969
953
968
954
1011
1049
1012
1013
1014
990
967
991
966
992
965
1015
1016
1017
1018
1019
1020
1021
1022
1023
1024
1025
1026
1027
1028
1029
1030
1031
1032
1033
1034
1035
1036
1037
1038
1039
1040
1041
1042
1043
1065
1066
1067
1068
1085
1097
1096
1095
1094
1093
1092
1086
1084
1069
993
955
964
956
963
957
962
958
961
959
960
936
929
935
934
930
931
932
933
887
756
755
886
799
885
754
800
884
753
801
752
883
802
882
751
803
881
750
804
749
880
805
879
748
806
878
747
807
877
808
809
810
811
812
813
814
815
816
817
818
819
820
821
822
823
824
825
826
827
828
829
830
876
746
557
558
559
560
561
562
563
564
565
566
567
658
659
660
661
662
663
664
665
666
667
668
669
670
671
672
673
674
675
676
677
678
679
680
681
682
683
684
685
686
687
688
689
690
691
692
693
694
695
696
697
698
699
700
701
702
703
704
711
712
713
714
715
716
717
718
719
720
721
722
723
724
725
726
727
728
729
730
731
732
733
734
735
736
737
738
739
740
741
742
743
744
745
657
568
569
555
554
553
552
551
550
549
548
547
546
545
544
543
542
541
540
539
538
537
536
535
534
533
532
531
530
529
528
527
526
525
524
523
522
521
520
519
518
517
516
515
514
513
512
511
510
509
613
612
611
610
710
709
708
707
706
705
508
507
489
488
487
486
485
484
483
431
482
432
481
433
494
495
496
480
434
479
435
478
436
497
498
499
477
437
476
438
475
439
500
501
474
440
473
441
472
502
471
470
469
468
467
466
465
464
463
462
461
460
459
458
457
456
455
454
453
452
451
450
449
442
443
444
445
446
447
448
380
379
378
377
376
375
374
373
372
371
370
369
368
367
366
365
364
363
362
361
360
359
358
357
356
355
354
353
352
351
350
349
348
347
346
345
344
343
342
341
158
159
160
161
162
340
339
338
337
336
335
334
333
332
331
330
329
328
327
326
325
324
323
322
321
320
319
318
317
316
315
314
313
312
143
135
144
145
146
147
148
150
149
1389
1298
1390
1297
1391
1296
1295
1206

Tour Length: 27493.745963350426
