Solution for TSP problem on fl1577.tsp

342
343
344
345
346
347
348
349
350
351
352
353
354
355
356
357
358
359
360
361
362
363
364
365
366
367
368
369
370
371
372
373
374
375
376
377
378
379
380
381
385
386
387
388
389
390
391
392
393
394
395
396
397
398
399
400
401
402
403
404
405
406
407
408
409
410
411
412
413
414
415
416
417
418
419
420
421
422
423
424
425
426
427
428
429
432
482
431
483
430
484
485
486
487
488
489
506
505
504
490
503
491
492
493
494
481
433
480
434
479
495
496
478
435
436
477
437
476
497
498
499
500
475
438
439
474
440
473
441
472
501
502
471
470
469
468
467
466
465
464
463
462
461
460
459
458
457
456
455
454
453
452
451
450
449
442
443
444
445
446
447
448
556
555
554
553
552
551
550
549
548
547
546
545
544
543
542
541
540
539
538
537
536
535
534
533
532
531
530
529
528
527
526
525
524
523
522
521
520
519
518
517
516
515
514
513
512
511
510
509
508
507
705
706
707
708
709
710
711
704
610
611
612
613
614
615
609
616
608
617
607
618
606
619
605
620
604
621
603
622
602
623
601
624
600
625
599
626
598
627
597
628
596
629
595
630
594
631
593
632
592
633
591
634
590
635
589
636
588
637
587
638
586
639
585
640
584
641
583
642
582
643
581
644
580
645
579
646
578
647
577
648
576
649
575
650
574
651
573
652
572
653
571
654
570
655
569
656
568
657
567
566
565
564
563
562
561
560
557
558
559
658
659
660
661
662
663
664
665
666
667
668
669
670
745
671
744
672
743
673
742
674
741
675
740
676
739
677
738
678
737
679
736
680
735
681
734
682
733
683
732
684
731
685
730
686
729
687
728
688
727
689
726
690
725
691
724
692
723
693
722
694
721
695
720
696
719
697
718
698
717
699
716
700
715
701
714
702
713
703
712
798
797
928
927
796
795
926
925
794
793
792
924
923
922
921
791
790
789
920
919
788
787
918
917
916
786
785
784
915
914
783
782
781
913
912
911
780
779
910
909
778
777
776
775
774
773
772
771
770
769
768
767
766
765
764
763
762
761
760
759
758
757
756
755
799
754
800
753
752
801
883
884
885
886
887
888
889
890
891
892
893
894
895
896
897
898
899
900
901
902
903
904
905
906
907
908
937
938
939
1060
1059
1058
1004
981
940
980
941
982
979
983
1003
984
978
942
943
977
985
1002
1001
1000
1053
1061
1080
1079
1078
1054
1077
1055
1006
1056
1005
1057
1089
1090
1102
1101
1098
1099
1100
1140
1141
1142
1143
1144
1145
1146
1147
1148
1149
1150
1151
1152
1153
1154
1155
1156
1157
1158
1159
1160
1161
1162
1163
1164
1165
1166
1167
1168
1169
1170
1171
1172
1173
1174
1175
1176
1177
1178
1179
1180
1181
1182
1183
1184
1185
1186
1187
1188
1189
1190
1191
1192
1193
1194
1195
1196
1197
1198
1199
1200
1201
1401
1448
1400
1447
1399
1446
1398
1445
1397
1444
1396
1443
1395
1442
1394
1441
1393
1440
1392
1482
1524
1483
1525
1484
1526
1485
1527
1486
1528
1487
1529
1488
1530
1489
1531
1490
1532
1491
1533
1534
1492
1449
1402
1450
1403
1451
1493
1535
1577
1576
1439
1438
1523
1575
1522
1574
1573
1572
1521
1481
1480
1437
1520
1571
1570
1519
1436
1479
1435
1434
1478
1569
1568
1477
1433
1476
1567
1518
1432
1475
1517
1566
1565
1516
1431
1430
1429
1474
1428
1473
1515
1564
1563
1494
1536
1537
1496
1538
1497
1539
1498
1540
1499
1541
1500
1542
1501
1543
1502
1544
1503
1545
1504
1546
1505
1547
1562
1561
1514
1560
1513
1559
1558
1557
1511
1556
1510
1555
1554
1553
1552
1509
1508
1551
1507
1550
1549
1548
1506
1464
1416
1465
1417
1418
1419
1466
1420
1467
1421
1468
1422
1469
1423
1470
1424
1425
1471
1512
1472
1426
1427
1463
1415
1462
1414
1461
1413
1460
1412
1459
1411
1458
1410
1457
1409
1456
1408
1455
1407
1454
1406
1405
1453
1495
1452
1404
1205
1204
1203
1202
1139
1138
1137
1136
1135
1134
1133
1132
1131
1130
1129
1128
1127
1126
1125
1124
1123
1122
1121
1120
1119
1118
1117
1116
1115
1114
1113
1112
1111
1110
1109
1108
1107
1106
1105
1104
1103
1048
1047
1046
1045
1044
1043
1042
1041
1040
1039
1038
1037
1036
1035
1034
1033
1032
1031
1030
1029
1028
1027
1026
1025
1024
1023
1022
1021
1020
960
959
961
958
962
957
956
963
1016
1017
1018
1019
1065
1066
1067
1068
1069
1084
1086
1085
1097
1096
1095
1094
1093
1092
1083
1082
1064
1070
1063
1081
1071
1062
1072
1087
1088
1073
1074
1091
1075
1076
1051
1050
998
1052
999
944
945
946
976
947
975
948
974
986
1007
1008
1009
996
1010
995
994
1011
1049
1012
1013
1014
1015
993
964
955
965
992
966
991
967
954
990
968
953
969
952
970
951
950
971
989
972
988
997
987
973
949
936
935
929
934
930
931
932
933
881
882
802
751
803
750
804
749
880
805
748
747
806
879
878
877
807
746
808
876
809
810
811
812
813
814
815
816
817
818
819
820
821
822
823
824
825
826
827
828
829
830
831
832
833
834
835
836
837
838
839
840
841
842
843
844
845
846
847
848
849
850
851
852
853
854
855
856
857
858
859
860
861
862
863
864
865
866
867
868
869
870
871
872
873
874
875
252
251
250
249
248
247
246
245
244
243
242
241
240
239
238
237
236
235
234
233
232
231
230
229
228
227
226
225
224
223
222
253
254
255
256
257
258
259
260
261
262
263
264
265
266
267
268
269
270
271
272
273
274
275
276
277
278
279
280
281
282
283
284
285
286
287
288
289
290
291
292
293
294
295
296
297
298
299
300
301
302
303
304
305
306
307
308
309
310
311
384
383
382
163
164
165
166
167
168
169
170
171
172
173
174
175
176
177
178
179
180
181
182
183
184
185
186
187
188
189
190
191
192
193
194
195
196
197
198
157
199
156
200
155
201
154
202
153
203
204
205
206
207
208
209
210
211
212
213
214
215
216
217
218
219
220
221
136
137
138
139
140
141
142
152
151
1364
1318
1363
1319
1362
1320
1361
1321
1360
1359
1323
1358
1324
1357
1356
1326
1355
1327
1354
1328
1353
1352
1351
1329
1350
1330
1349
1348
1347
1332
1346
1333
1345
1344
1343
1342
1334
1335
1341
1336
1340
1339
1338
1337
1254
1253
1255
1252
1251
1250
1256
1249
1257
1248
1258
1247
1259
1246
1260
1245
1244
1261
1331
1262
1243
1242
1263
1241
1264
1240
1265
1239
1266
1325
1238
1267
1237
1268
1236
1235
1269
1322
1270
1234
1271
1233
1272
1232
1273
1231
1230
1274
1317
31
30
29
32
28
33
27
34
69
86
68
67
66
65
64
63
91
105
104
90
103
89
88
87
102
125
124
123
122
121
120
119
126
118
127
117
128
116
129
130
131
132
133
134
115
106
114
107
113
108
112
109
111
110
98
97
96
58
57
56
21
20
19
18
17
41
42
77
76
78
75
79
80
95
94
99
93
100
101
92
82
73
74
81
55
54
53
72
71
83
84
70
85
59
60
61
62
51
49
36
50
35
12
13
14
48
52
47
26
15
1
2
3
4
25
24
23
22
5
6
7
11
37
46
38
45
39
44
43
40
16
8
9
10
1365
1366
1316
1275
1229
1276
1228
1227
1226
1315
1367
1368
1314
1369
1313
1277
1225
1278
1224
1279
1370
1371
1280
1223
1222
1281
1221
1312
1372
1373
1311
1220
1374
1375
1282
1310
1376
1283
1309
1377
1308
1219
1218
1284
1217
1285
1216
1286
1215
1287
1214
1288
1213
1289
1212
1290
1211
1291
1210
1209
1293
1208
1294
1207
1295
1206
1296
1391
1297
1390
1298
1389
1388
1299
1292
1300
1387
1301
1386
1302
1385
1303
1384
1304
1383
1305
1382
1306
1381
1307
1380
1379
1378
135
143
144
145
146
147
148
150
149
312
313
314
315
316
317
318
319
320
321
322
323
324
325
326
327
328
329
330
331
332
333
334
162
161
160
159
158
335
336
337
338
339
340
341

Tour length: 22611
