SimulatedAnnealing solution for TSP problem on fl1577.tsp

2
3
24
23
22
4
5
6
7
11
37
46
38
45
39
44
43
40
16
17
8
9
10
1365
1316
1275
1229
1366
1276
1228
1227
1226
1315
1367
1368
1314
1277
1225
1313
1369
1278
1224
1279
1370
1371
1280
1223
1222
1281
1372
1312
1221
1311
1373
1374
1220
1282
1310
1375
1376
1283
1309
1377
1308
1378
1379
1219
1218
1284
1217
1216
1285
1286
1215
1304
1384
1385
1303
1302
1386
1301
1387
1300
1388
1389
1390
1294
1297
1296
1391
1295
1206
1207
1208
1298
1293
1209
1210
1299
1292
1291
1211
1290
1212
1289
1213
1288
1214
1287
1383
1305
1382
1306
1381
1307
1380
143
135
144
145
146
147
148
150
149
312
313
314
315
316
317
318
319
320
321
322
323
324
325
326
327
328
329
330
331
489
488
487
486
485
430
484
505
506
507
508
509
510
511
512
513
514
515
608
606
605
619
697
718
698
717
699
700
716
715
701
714
702
713
703
712
704
711
710
709
708
707
706
705
610
611
612
613
614
615
609
616
617
618
607
516
517
518
519
520
521
602
623
622
603
621
604
620
695
721
722
694
696
720
719
794
795
796
797
798
928
927
926
925
924
793
923
922
792
791
790
921
920
919
918
917
916
915
914
913
912
911
910
909
779
778
780
781
782
783
784
785
786
787
788
789
724
692
723
693
601
624
691
725
690
726
689
625
626
600
522
523
524
525
598
599
688
727
728
729
730
686
687
629
595
596
628
627
597
526
527
528
529
530
531
532
591
590
634
633
592
632
593
631
594
630
685
731
684
732
683
682
733
734
776
777
908
907
906
905
904
903
902
901
770
771
772
773
774
775
739
677
738
678
639
585
586
638
587
637
588
589
680
736
679
737
735
681
635
636
533
534
535
536
537
538
454
455
402
403
404
456
457
458
459
460
405
406
407
408
409
410
462
461
463
464
465
466
467
468
469
470
471
502
472
501
473
440
441
500
474
439
438
475
499
498
476
477
437
422
423
424
425
426
338
427
431
482
483
490
504
503
491
492
493
494
495
496
497
436
478
435
480
434
479
433
481
432
428
429
337
336
335
334
333
332
162
161
160
159
158
339
340
341
342
343
344
345
421
420
418
417
419
346
347
348
349
350
351
415
416
414
413
412
411
352
353
354
355
356
357
358
359
360
361
362
363
364
365
366
367
368
398
399
400
401
453
452
451
450
449
442
443
444
445
446
447
448
388
387
386
389
390
391
392
393
394
395
396
397
369
370
371
372
373
374
375
376
377
378
379
380
385
381
382
383
384
311
310
309
308
307
306
305
304
303
302
301
300
299
298
297
296
182
181
295
294
183
184
185
186
187
188
189
289
290
291
292
293
557
558
559
560
561
562
563
564
565
567
566
657
658
659
660
661
655
656
571
654
570
569
568
556
555
554
553
552
551
550
549
578
647
577
648
576
575
649
666
665
664
663
662
653
572
652
573
651
650
574
548
547
546
545
544
543
542
541
540
539
584
640
641
583
642
674
675
676
740
741
742
743
673
672
744
670
745
671
645
580
644
582
643
581
579
646
669
668
667
766
765
896
897
767
768
769
900
899
898
895
764
763
894
893
762
761
892
891
760
890
759
758
889
888
757
756
887
755
754
799
800
753
801
752
802
751
750
804
749
805
748
806
807
877
746
747
878
879
880
881
803
882
883
884
885
886
936
935
929
934
930
931
932
933
952
969
953
954
968
990
967
991
966
992
965
955
964
956
963
957
962
958
961
959
960
1020
1019
1018
1017
1016
1015
993
1014
1013
1012
1011
1049
1086
1084
1085
1069
1068
1067
1066
1065
1097
1096
1095
1094
1093
1092
1083
1064
1063
1071
1070
1082
1081
1087
1072
1062
994
989
971
950
951
970
995
1010
996
1009
997
1007
1073
1088
1074
1091
1076
1075
1050
1051
998
976
975
986
1008
987
973
988
972
949
974
948
947
946
945
944
999
1052
1053
1061
1078
1079
1080
1000
1001
1002
1054
1077
1055
1006
1056
1005
1057
1058
1004
981
982
1003
984
977
985
943
978
942
941
983
979
980
940
939
938
937
1060
1059
1099
1100
1098
1101
1089
1090
1102
1140
1141
1142
1143
1144
1145
1146
1147
1148
1149
1150
1151
1152
1153
1154
1155
1156
1157
1158
1159
1160
1161
1162
1163
1164
1165
1166
1167
1168
1169
1170
1171
1172
1173
1174
1175
1176
1177
1178
1179
1180
1181
1182
1183
1184
1185
1186
1187
1188
1189
1190
1191
1192
1193
1194
1195
1196
1197
1198
1199
1200
1201
1392
1524
1482
1440
1393
1441
1483
1525
1484
1526
1485
1442
1394
1395
1527
1486
1443
1397
1396
1444
1528
1487
1529
1445
1446
1488
1398
1399
1489
1530
1531
1490
1447
1400
1448
1401
1491
1532
1533
1492
1449
1402
1450
1534
1493
1403
1451
1535
1577
1439
1438
1523
1576
1575
1522
1481
1521
1574
1573
1480
1572
1571
1520
1437
1436
1519
1570
1479
1435
1434
1478
1569
1568
1476
1432
1433
1477
1567
1518
1475
1517
1566
1516
1565
1431
1429
1430
1564
1515
1563
1473
1474
1428
1202
1139
1138
1203
1137
1204
1205
1136
1135
1134
1133
1132
1131
1129
1130
1128
1127
1126
1125
1124
1123
1122
1121
1120
1119
1118
1117
1116
1115
1114
1113
1404
1452
1495
1536
1494
1405
1453
1537
1496
1538
1497
1539
1498
1540
1541
1542
1500
1501
1502
1543
1544
1503
1545
1504
1462
1546
1505
1547
1562
1561
1514
1560
1513
1512
1559
1558
1557
1556
1510
1555
1470
1469
1554
1421
1467
1420
1466
1507
1419
1418
1417
1465
1506
1416
1464
1548
1549
1550
1551
1508
1509
1552
1553
1468
1422
1423
1424
1511
1425
1471
1472
1426
1427
1463
1415
1414
1461
1413
1460
1412
1459
1411
1458
1410
1409
1457
1499
1456
1408
1407
1455
1454
1406
1112
1111
1110
1108
1109
1107
1106
1105
1104
1103
1048
1047
1046
1045
1044
1043
1042
1041
1040
1039
1038
1037
1036
1035
1034
1033
1032
1031
1030
1029
1028
1027
1026
1025
1024
1021
1022
1023
820
819
816
815
812
811
876
808
809
810
813
814
817
818
821
822
823
824
825
826
827
828
829
830
831
833
832
834
835
836
837
838
839
840
841
842
843
844
845
846
847
848
849
850
851
852
853
854
855
856
857
858
860
859
861
862
863
864
865
866
867
868
869
870
871
872
873
874
875
240
241
242
243
247
248
246
245
244
234
235
236
238
239
237
233
232
231
230
229
228
226
227
249
250
251
252
253
254
255
256
257
258
259
260
261
262
263
264
265
266
267
268
269
270
271
272
273
274
275
276
277
278
279
280
281
282
283
284
285
286
287
288
190
191
192
193
194
195
196
197
198
199
156
157
200
155
201
154
202
153
203
204
205
206
207
208
209
210
211
212
213
214
215
216
217
218
219
220
221
222
225
224
223
136
137
138
139
140
141
142
152
151
180
179
178
177
176
175
174
173
172
171
170
169
168
167
166
165
163
164
126
118
127
117
128
116
129
130
131
132
133
134
115
106
114
107
113
108
112
109
111
110
98
96
97
42
41
18
19
20
21
56
57
58
77
78
79
75
76
80
95
94
81
74
55
54
53
72
82
73
93
99
100
92
101
83
71
70
84
85
59
60
52
48
49
51
62
50
35
36
13
12
34
27
28
32
33
29
30
31
69
68
66
67
86
87
102
88
89
103
104
105
91
90
65
64
63
1317
1274
1230
1231
1272
1233
1232
1273
1318
1364
1363
1319
1362
1320
1271
1234
1235
1270
1269
1236
1268
1237
1267
1325
1238
1266
1326
1265
1327
1240
1239
1264
1328
1241
1263
1242
1243
1262
1244
1245
1260
1246
1259
1247
1258
1248
1249
1250
1251
1252
1255
1253
1254
1337
1338
1339
1340
1336
1341
1335
1256
1334
1257
1342
1343
1344
1333
1345
1346
1332
1347
1261
1348
1331
1349
1330
1350
1329
1351
1352
1353
1354
1355
1356
1357
1324
1358
1323
1322
1359
1360
1321
1361
125
124
123
122
121
120
119
61
47
25
26
14
15
1

Tour Length: 26466
