TwoOpt solution for TSP problem on fl1577.tsp

1206
1296
1391
1297
1390
1298
1389
1388
135
143
144
145
146
147
148
150
149
312
313
314
315
316
317
318
319
320
321
322
323
324
325
326
327
328
329
330
331
332
333
334
162
161
160
159
158
335
336
337
338
339
340
341
342
343
344
345
346
347
348
349
350
351
352
353
354
355
356
357
358
359
360
361
362
363
364
365
366
367
368
369
370
371
372
373
374
375
376
377
378
379
380
388
389
390
391
392
393
394
395
396
397
398
399
400
401
402
403
404
405
406
407
408
409
410
411
412
413
414
415
416
417
418
419
420
421
422
423
424
425
426
427
428
429
430
484
485
486
487
488
489
506
507
705
706
707
708
709
710
610
611
612
613
614
615
609
616
608
617
607
618
606
619
605
620
604
621
603
622
602
623
601
624
600
625
599
626
598
627
597
628
596
629
595
630
594
631
593
632
592
633
591
634
590
635
589
636
588
637
587
638
586
639
585
640
584
641
583
642
582
643
581
580
645
579
646
670
745
671
644
672
744
743
673
742
674
741
675
740
676
739
677
738
678
737
679
736
680
735
681
682
683
684
685
686
687
688
689
690
691
692
693
694
695
696
697
698
699
700
701
702
703
704
711
712
713
714
715
716
717
718
719
720
721
722
723
724
725
726
727
728
729
730
731
732
733
734
780
781
782
783
784
785
786
787
788
789
790
791
792
793
794
795
796
797
798
928
927
926
925
924
923
922
921
920
919
918
917
916
915
914
913
912
911
910
779
909
778
777
908
776
907
906
775
774
905
773
904
903
772
771
902
770
901
900
769
768
899
767
898
897
766
765
896
895
764
763
894
762
893
892
761
760
891
759
890
889
758
757
888
933
932
931
930
934
929
935
936
941
980
940
939
938
937
1060
1059
1058
1004
1057
1089
1101
1098
1100
1099
1147
1148
1149
1150
1151
1152
1153
1154
1155
1156
1157
1158
1159
1160
1161
1162
1163
1164
1165
1166
1167
1168
1169
1170
1171
1172
1173
1174
1175
1176
1177
1178
1179
1180
1181
1182
1183
1184
1185
1186
1187
1188
1189
1190
1191
1192
1193
1194
1195
1196
1197
1198
1199
1200
1201
1392
1440
1482
1524
1525
1483
1393
1441
1394
1442
1484
1526
1527
1485
1395
1443
1396
1486
1528
1444
1397
1487
1529
1445
1398
1446
1488
1530
1531
1489
1399
1447
1400
1490
1532
1448
1401
1449
1491
1533
1534
1492
1402
1450
1403
1451
1493
1535
1577
1439
1438
1523
1576
1575
1522
1481
1574
1521
1480
1573
1572
1437
1520
1571
1570
1519
1436
1479
1435
1434
1478
1569
1568
1477
1433
1432
1476
1567
1518
1475
1517
1566
1565
1516
1431
1430
1429
1474
1564
1515
1563
1473
1428
1146
1145
1144
1143
1142
1141
1140
1102
1090
1077
1055
1006
1056
1005
981
982
979
942
978
983
1003
984
943
977
985
1001
1002
1054
1078
1079
1080
1061
1053
1000
944
945
999
1052
1076
1075
1050
1051
998
946
976
947
975
948
986
1007
1074
1091
1073
1008
997
987
974
949
973
988
1009
996
972
989
1010
1062
1072
1088
1087
1081
1071
1063
1070
1082
1083
1064
995
971
950
994
951
970
952
969
953
968
954
990
1011
1049
1012
967
991
966
992
1013
1014
1069
1084
1086
1092
1093
1094
1095
1096
1097
1085
1068
1067
1066
1065
1018
1017
1016
1015
993
965
955
964
956
963
957
962
958
961
959
960
1019
1020
1021
1022
1023
1024
1025
1026
1027
1028
1029
1030
1031
1032
1033
1034
1035
1036
1037
1103
1104
1105
1106
1107
1108
1109
1110
1111
1112
1113
1114
1115
1116
1117
1118
1119
1120
1121
1122
1123
1124
1125
1126
1127
1128
1129
1130
1131
1132
1133
1134
1135
1136
1137
1138
1139
1202
1203
1204
1205
1404
1494
1536
1452
1405
1495
1537
1453
1406
1496
1538
1454
1407
1497
1539
1455
1408
1498
1540
1456
1409
1499
1541
1457
1410
1500
1542
1458
1411
1501
1543
1459
1412
1502
1544
1460
1413
1503
1545
1461
1414
1462
1504
1546
1547
1505
1415
1463
1562
1427
1426
1514
1561
1560
1513
1472
1559
1512
1471
1558
1557
1425
1511
1556
1555
1510
1424
1470
1423
1422
1469
1554
1553
1468
1421
1420
1467
1552
1509
1466
1508
1551
1550
1507
1419
1418
1417
1465
1549
1506
1548
1464
1416
1048
1047
1046
1045
1044
1043
1042
1041
1040
1039
1038
823
824
825
826
827
828
829
830
831
832
833
834
835
836
837
838
839
840
841
842
843
844
845
846
847
848
849
850
851
852
853
854
855
856
857
858
859
860
861
862
863
864
865
866
867
868
869
870
871
872
873
874
875
257
258
259
260
261
262
263
264
265
266
267
268
269
270
271
272
273
274
275
276
277
278
279
280
281
282
283
284
285
286
287
288
289
290
291
292
293
294
295
296
297
298
299
300
301
302
303
304
305
306
307
308
309
310
822
821
820
819
818
817
816
815
814
813
812
811
810
809
876
808
877
878
879
880
881
882
883
884
885
886
887
756
755
799
754
800
753
801
752
802
751
803
750
804
749
805
748
806
747
807
746
557
558
559
560
561
562
563
564
565
566
567
556
555
554
553
552
551
550
572
653
571
570
655
569
656
568
657
658
659
660
661
654
662
663
664
665
652
573
651
574
650
575
649
666
667
668
669
647
578
577
648
576
549
548
547
546
545
544
543
542
541
540
539
538
537
536
535
534
533
532
531
530
529
528
527
526
525
524
523
522
521
520
519
518
517
516
515
514
513
512
511
510
509
508
505
504
490
503
491
492
493
483
431
482
432
481
433
494
495
496
480
434
479
435
478
436
497
498
499
477
437
476
438
475
439
500
501
474
440
473
441
472
502
471
470
469
468
467
466
465
464
463
462
461
460
459
458
457
456
455
454
453
452
451
450
449
442
443
444
445
446
447
448
387
386
385
381
382
383
384
311
163
164
165
166
167
168
169
170
171
172
173
174
175
176
177
178
179
180
181
182
183
184
185
186
187
188
189
190
191
192
193
194
195
196
197
198
157
199
156
200
155
201
154
202
153
203
204
205
206
207
208
209
210
211
212
213
214
215
216
217
218
256
255
254
253
252
251
250
249
248
247
246
245
244
243
242
241
240
239
238
237
236
235
234
233
232
231
230
229
228
227
226
225
224
223
222
221
220
219
136
137
138
139
140
141
142
152
151
1349
1348
1347
1346
1333
1345
1344
1343
1342
1334
1335
1341
1336
1340
1339
1255
1337
1338
1254
1253
1252
1251
1250
1256
1249
1257
1248
1258
1247
1259
1246
1260
1245
1332
1244
1261
1331
1262
1330
1350
1351
1329
1243
1242
1352
1353
1263
1241
1328
1354
1264
1240
1265
1327
1355
1326
1239
1266
1356
1357
1325
1238
1267
1237
1268
1324
1358
1359
1323
1236
1269
1235
1322
1360
1270
1234
1321
1361
1271
1233
1320
1362
1272
1232
1319
1363
1273
1231
1318
1274
1230
1317
1364
63
64
91
105
65
90
104
103
89
66
67
88
102
125
124
123
122
121
120
119
126
118
127
117
128
129
130
131
132
133
134
99
94
81
74
93
100
92
101
82
72
73
54
53
22
23
24
25
70
71
83
84
116
85
59
60
61
62
69
86
87
68
31
30
29
32
28
33
27
34
35
12
13
36
50
49
51
14
15
48
52
47
26
1
2
3
4
5
6
7
11
37
55
46
38
45
39
44
40
16
17
41
42
43
75
79
80
95
115
106
114
107
113
108
112
111
109
78
76
77
56
57
98
110
97
96
58
21
20
19
18
8
9
10
1365
1366
1316
1275
1229
1276
1228
1227
1226
1315
1367
1368
1314
1277
1313
1369
1278
1225
1224
1279
1370
1371
1280
1223
1222
1281
1221
1312
1372
1373
1311
1220
1374
1375
1282
1310
1283
1376
1309
1377
1378
1308
1219
1218
1379
1380
1284
1217
1307
1381
1306
1285
1216
1286
1382
1383
1305
1215
1287
1214
1304
1384
1303
1288
1213
1289
1385
1386
1302
1212
1290
1211
1301
1387
1291
1210
1300
1292
1299
1209
1293
1208
1294
1207
1295
1206

Tour Length: 23621
