FarthestInsertion solution for TSP problem on d198.tsp

1
2
7
3
6
4
5
8
9
10
11
12
13
41
40
15
14
42
57
58
69
71
86
100
85
43
59
56
44
55
60
68
72
99
87
84
73
67
70
74
83
88
98
97
89
96
90
82
75
66
61
54
45
38
31
32
29
30
37
36
53
62
46
33
34
23
22
24
21
25
28
27
26
39
47
52
65
81
76
77
78
51
35
50
64
48
49
63
80
104
103
102
101
95
94
93
91
92
79
105
114
115
116
122
121
117
118
119
120
124
138
159
158
157
156
155
154
139
123
113
112
106
107
111
110
109
108
169
125
126
131
132
134
140
142
147
148
160
161
162
153
152
149
143
146
145
150
163
164
151
144
141
135
136
133
130
129
127
170
128
171
137
172
165
166
190
189
188
191
192
193
186
187
185
179
196
197
198
195
194
178
180
184
183
181
177
175
174
173
176
182
168
167
20
19
18
17
16
1

Tour Length: 17574
