NearestNeighbour solution for TSP problem on d198.tsp

1
2
7
6
3
4
5
8
9
10
11
12
13
41
40
15
14
17
16
18
19
20
21
24
25
26
27
28
30
29
32
31
38
37
36
33
34
39
47
52
46
53
62
61
54
45
44
55
56
59
60
67
70
73
72
68
84
87
99
100
86
85
71
69
58
57
42
43
66
74
83
88
98
97
89
90
96
95
94
93
102
101
103
104
105
114
113
112
106
107
111
110
109
108
120
119
118
117
116
115
122
121
123
124
125
169
126
130
131
132
134
135
133
136
141
140
142
147
146
143
145
144
150
151
163
164
165
166
172
171
128
127
170
129
137
149
152
153
148
161
162
160
159
158
157
156
155
154
139
138
167
168
79
92
91
80
78
64
77
76
81
65
75
82
51
50
48
49
63
35
22
23
182
183
181
177
175
176
173
174
178
180
184
185
179
194
195
198
197
196
186
193
192
187
188
191
190
189
1

Tour Length: 18513
