TwoOpt solution for TSP problem on d198.tsp

1
2
7
6
3
4
5
8
9
10
11
12
13
41
40
15
14
42
57
58
69
71
85
86
100
99
87
84
73
72
68
59
56
43
44
55
60
67
70
74
83
88
98
97
96
90
89
82
75
66
61
54
45
38
31
37
36
53
62
46
33
34
39
47
52
65
81
76
77
51
50
64
78
93
94
95
101
102
103
104
115
116
122
121
117
118
119
120
123
139
154
155
156
157
158
159
138
124
169
125
126
131
132
134
140
142
147
148
160
161
162
153
152
149
146
145
150
163
164
151
144
143
141
136
135
133
130
129
127
170
128
137
171
172
165
166
190
189
188
191
192
193
186
187
185
179
195
196
197
198
194
178
180
184
183
181
177
175
174
173
176
182
168
167
108
109
110
111
107
106
112
113
114
105
92
79
91
80
63
49
48
35
25
26
27
28
30
32
29
23
22
24
21
20
19
18
17
16
1

Tour Length: 16361
