FarthestInsertion solution for TSP problem on pcb442.tsp

375
338
337
336
427
437
265
237
414
226
220
210
199
184
171
160
148
135
125
384
383
113
183
170
159
147
134
124
112
379
96
380
97
98
65
33
377
376
32
31
30
29
28
27
26
25
24
23
22
21
20
19
18
17
16
15
14
13
12
11
10
9
8
7
6
5
4
3
2
1
442
34
66
103
114
126
136
149
161
172
185
400
405
227
234
238
266
269
273
276
279
281
341
342
346
347
348
349
350
351
352
433
428
282
239
270
277
274
271
267
240
241
242
243
244
245
246
424
421
425
247
248
249
415
250
251
417
418
252
253
254
255
256
257
258
259
260
261
419
422
278
429
361
362
363
364
365
366
431
344
325
326
327
328
329
367
368
369
370
371
432
345
330
331
332
306
305
304
303
302
301
300
299
298
324
323
297
296
322
321
295
294
320
319
293
292
318
317
291
290
316
430
360
359
435
358
357
356
434
355
354
353
343
315
289
288
314
313
287
286
312
340
311
285
284
310
339
309
308
283
280
440
426
235
407
228
406
401
399
396
441
102
386
150
162
173
186
174
151
137
127
387
115
104
67
68
35
36
69
70
37
38
71
116
138
392
175
212
229
221
211
403
187
152
389
72
39
40
73
74
41
42
75
76
43
44
77
99
105
117
128
139
153
393
163
176
188
200
213
222
230
397
164
201
214
223
231
402
202
189
177
165
140
106
154
141
129
118
107
78
45
46
79
100
80
47
48
81
82
49
50
83
439
108
119
130
390
142
155
166
190
232
224
215
203
191
398
178
395
179
192
204
216
225
233
408
412
413
409
193
180
167
394
156
143
131
388
120
109
382
381
84
51
52
85
86
53
54
87
378
88
55
56
89
385
121
391
144
195
207
206
404
217
205
194
181
168
157
145
132
122
110
90
57
58
91
92
59
60
93
101
94
61
62
63
64
95
436
111
123
133
146
158
169
182
196
197
208
218
198
209
219
411
410
236
262
263
264
416
268
420
272
438
423
275
307
333
334
335
372
373
374
375

Tour Length: 63647
