NearestNeighbour solution for TSP problem on pcb442.tsp

1
2
3
4
5
6
7
8
9
10
11
12
13
14
15
16
17
18
19
20
21
22
23
24
25
26
27
28
29
30
31
32
376
377
33
65
64
63
62
61
60
59
58
57
56
55
54
53
52
51
50
49
48
47
46
45
44
43
42
41
40
39
38
37
36
35
34
66
67
68
69
70
71
72
73
74
75
76
77
78
79
80
81
82
83
84
85
86
87
378
88
89
90
91
92
93
94
95
379
96
380
97
98
383
384
113
125
135
148
160
171
184
199
210
220
226
411
410
414
237
265
420
268
416
264
263
236
262
261
260
259
258
257
256
255
254
253
252
251
250
415
249
248
247
246
245
244
243
242
241
240
235
228
406
401
186
173
162
150
137
127
386
115
104
441
102
103
114
126
136
149
161
172
185
400
405
227
234
238
239
266
269
273
276
279
281
282
428
342
341
346
347
348
433
349
350
351
352
343
353
354
355
434
356
357
358
435
359
360
361
344
362
363
364
365
366
367
345
368
369
370
371
372
373
374
375
338
337
427
336
335
334
307
333
332
331
306
305
304
303
302
301
300
299
298
297
296
295
294
293
292
291
290
289
288
287
286
285
284
283
280
426
440
308
309
310
311
312
313
314
315
316
317
318
319
320
321
322
323
324
429
325
326
327
328
329
330
431
430
278
417
418
232
224
215
203
191
398
178
166
155
142
130
119
108
439
381
382
109
120
131
143
156
167
180
192
193
204
216
225
233
408
409
404
217
205
194
181
168
157
145
132
122
110
121
385
391
144
388
390
394
395
179
190
202
402
201
189
177
165
154
141
129
118
107
106
105
117
128
139
153
163
176
188
200
213
222
230
229
221
211
403
212
175
187
399
396
174
151
389
387
152
392
138
116
393
140
164
397
214
223
231
425
421
424
340
339
277
274
271
267
270
407
99
100
111
123
133
146
158
169
182
197
196
195
206
207
208
218
219
209
198
183
170
159
147
134
124
112
436
101
413
412
419
422
438
423
272
275
437
432
442
1

Tour Length: 61926
