TwoOpt solution for TSP problem on pcb442.tsp

375
338
337
336
427
437
265
237
414
226
220
210
199
184
171
160
148
135
125
384
383
113
183
170
159
147
134
124
112
379
96
380
97
98
65
33
377
376
32
31
30
29
28
27
26
25
24
23
22
21
20
19
18
17
16
15
14
13
12
11
10
9
8
7
6
5
4
3
2
1
442
34
66
102
103
114
126
136
149
161
172
185
400
405
227
234
238
239
266
269
273
276
279
281
341
342
346
347
348
349
350
351
352
340
433
339
310
284
285
311
312
286
287
313
314
288
289
315
343
353
354
355
434
356
357
358
435
359
360
361
362
363
364
365
366
431
344
429
325
326
327
328
329
345
367
368
369
370
371
432
332
331
330
306
305
304
303
302
301
300
299
298
324
430
323
322
321
320
319
318
317
316
290
291
292
293
294
295
296
297
278
422
419
261
260
259
258
257
256
255
254
253
252
418
417
251
250
415
249
248
247
425
421
424
246
245
244
243
242
241
426
440
280
283
309
308
428
282
277
274
270
271
267
240
235
407
228
406
401
186
173
174
396
399
187
403
211
221
229
212
175
138
392
152
389
151
162
150
137
127
386
441
115
387
104
68
67
35
36
69
70
37
38
39
40
72
71
116
74
73
41
42
75
76
43
44
77
99
106
105
117
128
139
153
393
163
176
188
200
213
222
230
231
223
214
402
202
201
189
397
177
165
164
140
154
141
129
118
107
100
80
79
78
45
46
47
48
81
82
49
50
83
439
108
119
130
390
142
155
166
190
232
224
215
203
191
398
178
395
179
192
204
216
225
233
408
412
413
409
404
217
206
207
195
194
205
193
180
167
394
156
143
131
388
120
109
381
382
86
85
84
51
52
53
54
87
378
88
55
56
89
385
121
391
144
181
168
157
145
132
122
110
90
57
58
91
92
59
60
93
101
94
61
62
63
64
95
436
111
123
133
146
158
169
182
196
197
208
218
198
209
219
411
410
236
262
263
264
416
268
420
272
438
423
275
307
333
334
335
372
373
374
375

Tour Length: 57652
