FarthestInsertion solution for TSP problem on pr439.tsp

133
97
18
19
20
21
22
67
68
69
70
71
91
90
89
88
72
66
65
24
23
25
64
26
27
28
29
63
73
74
30
31
32
62
75
76
61
60
77
87
86
78
59
34
35
36
58
57
79
80
81
82
38
39
42
44
47
48
50
49
46
45
43
41
40
37
33
17
16
15
14
13
12
11
10
9
8
7
6
5
4
2
3
1
52
51
56
55
54
53
83
84
85
149
186
226
227
228
283
439
435
436
437
438
434
403
408
409
411
410
425
426
424
427
430
433
432
422
423
412
413
407
406
396
397
398
384
383
382
372
371
373
394
395
393
399
392
391
381
375
374
344
284
229
282
343
342
341
281
230
187
231
285
340
287
288
289
290
291
292
293
359
357
358
356
355
354
352
353
351
350
349
348
347
346
377
379
389
419
420
421
414
390
380
376
345
286
280
232
225
188
189
110
111
112
146
147
148
185
145
144
109
108
107
106
105
104
113
114
116
118
119
121
122
120
117
115
103
102
92
93
94
101
125
129
134
135
136
137
138
139
140
141
142
143
150
151
153
152
154
155
156
157
158
159
160
177
179
181
182
184
190
224
223
233
234
235
236
237
238
239
240
222
191
193
192
183
194
195
196
198
197
180
178
199
200
201
202
203
205
204
176
175
161
162
163
164
166
169
170
173
174
172
206
207
216
245
244
243
242
241
221
220
219
218
217
215
214
213
212
246
247
248
249
316
317
318
319
320
321
323
324
325
326
327
328
329
322
315
314
313
312
263
265
266
267
268
269
270
271
272
300
333
334
335
336
337
338
339
360
370
361
362
363
364
365
369
368
378
385
386
402
404
405
417
418
428
429
431
416
415
400
401
388
387
367
366
299
298
297
296
295
294
279
278
277
276
275
274
273
301
302
303
330
332
331
304
305
306
307
308
309
311
310
264
262
261
260
259
258
257
256
255
254
252
211
210
250
251
253
209
208
171
168
167
165
127
126
124
123
100
95
96
98
99
128
130
131
132
133

Tour Length: 128779
