TwoOpt solution for TSP problem on pr439.tsp

133
165
167
169
168
170
171
207
208
209
253
251
250
210
211
249
252
255
254
316
317
318
319
320
321
323
324
325
326
306
305
304
327
328
329
331
332
330
303
302
301
300
333
366
367
402
404
405
417
418
428
429
431
416
415
400
401
388
387
386
385
378
368
369
365
364
363
362
361
370
360
339
338
337
336
335
334
299
298
297
296
295
294
279
278
277
276
275
274
273
272
271
270
269
268
267
266
265
264
307
308
309
310
311
322
315
314
313
312
263
262
261
260
259
258
257
256
248
247
246
212
213
245
244
243
242
241
240
239
238
237
236
235
234
233
223
224
190
222
221
220
219
218
217
216
215
214
202
203
204
205
206
172
174
173
166
164
163
162
161
175
176
201
200
199
178
198
197
180
196
195
194
193
191
184
192
183
182
181
179
177
160
159
158
157
156
155
154
153
152
151
150
143
142
141
140
139
138
137
136
135
134
129
127
126
124
125
123
101
94
93
92
102
103
115
117
120
122
121
119
118
116
114
113
104
105
106
107
108
109
144
145
185
148
147
146
112
111
110
189
232
280
286
287
288
289
290
291
292
293
359
357
358
356
355
354
352
353
351
350
349
347
346
348
377
379
389
419
420
421
414
390
380
376
345
340
285
231
225
188
187
230
281
282
229
344
343
342
341
374
375
381
391
392
399
393
394
382
372
373
371
383
384
395
398
397
396
406
407
413
412
423
422
432
433
430
427
424
426
425
410
411
409
408
403
434
438
437
436
435
439
284
283
228
227
226
186
149
85
84
83
53
54
55
56
50
51
52
2
3
1
4
5
6
7
8
9
10
11
12
13
14
15
16
17
33
34
35
36
37
38
40
41
43
45
46
49
48
47
44
42
39
82
81
80
79
57
58
78
86
87
77
59
60
61
76
75
62
32
30
31
74
73
63
29
28
27
26
64
25
23
24
66
65
72
88
89
90
91
71
70
69
68
67
22
21
20
19
18
100
95
96
97
98
99
128
130
131
132
133

Tour Length: 118808
