NN solution for TSP problem on CH130 data set (start at 1).

1
41
39
71
130
50
2
118
80
46
20
35
54
17
31
34
27
19
100
116
24
15
29
95
79
38
106
58
49
53
120
60
51
42
44
40
47
37
22
23
122
55
14
10
67
96
13
33
21
18
8
108
114
3
83
30
59
121
78
90
125
85
66
28
115
62
105
112
117
128
16
45
76
109
61
129
124
26
97
70
7
63
68
98
110
89
94
77
103
81
87
12
65
56
57
9
52
75
74
99
73
92
72
91
6
102
93
4
126
5
11
64
69
88
86
127
107
104
43
48
25
32
113
36
84
119
111
123
101
82
1

Tour Length: 7575.2860000000055
++++++++++++++++++++++++++++++++++++++++++++++++++++++++++++
NN solution for TSP problem on CH130 data set (start at 5).

5
11
76
109
61
129
124
26
97
70
7
63
68
98
110
89
94
29
15
24
116
95
79
38
106
58
49
53
120
60
51
42
44
40
47
37
22
23
122
55
14
10
67
96
13
33
21
18
8
108
114
3
83
30
59
121
78
90
125
85
66
28
115
62
105
112
117
39
71
41
1
130
50
2
118
80
46
20
35
54
17
31
34
27
19
100
43
104
107
127
45
16
128
126
93
4
92
73
99
74
75
52
9
57
56
65
103
77
81
87
12
82
101
123
111
119
84
36
32
113
25
48
88
69
64
86
72
91
6
102
5

Tour Length: 8217.812900000006
