FarthestInsertion solution for TSP problem on lin318.tsp

1
2
6
7
10
11
15
21
22
29
32
31
30
103
12
20
23
28
33
104
40
316
317
49
45
48
50
55
56
59
105
67
71
68
78
82
83
85
91
92
96
97
101
102
93
84
86
79
77
72
64
73
76
80
89
98
99
90
69
74
75
81
70
62
63
57
54
51
47
44
41
43
46
52
53
58
42
36
37
27
24
19
16
18
25
26
17
35
34
38
39
145
150
153
155
160
161
154
164
61
60
66
65
172
173
176
183
187
189
188
190
88
87
95
94
100
207
206
202
201
197
196
198
203
204
194
195
193
192
200
199
205
312
311
307
306
302
301
303
308
309
299
300
305
310
304
298
297
275
276
273
272
280
291
285
284
279
290
286
283
274
282
287
289
277
278
281
288
292
293
295
296
294
170
171
166
165
269
315
259
266
265
260
258
255
314
250
144
143
140
139
119
118
221
220
225
313
231
232
239
242
241
240
243
238
233
230
222
218
219
215
214
223
224
244
245
248
249
318
270
271
252
253
256
262
263
268
267
264
261
257
254
251
247
246
227
236
235
228
226
237
234
229
213
212
211
216
217
109
110
114
113
122
131
130
123
121
124
129
132
142
147
151
148
146
157
158
163
168
167
175
186
180
179
174
178
181
185
191
184
182
177
169
210
162
159
156
152
149
209
141
138
133
128
125
117
208
135
136
137
134
127
126
120
116
14
13
115
112
111
108
107
106
4
5
9
8
3
1

Tour Length: 47902
