TwoOpt solution for TSP problem on lin318.tsp

1
2
6
7
10
11
15
21
22
29
32
31
30
103
12
20
23
28
33
104
40
316
317
49
45
48
50
55
56
59
105
64
67
68
71
78
82
83
85
91
92
96
97
101
102
93
86
84
79
77
72
73
76
80
89
98
99
90
81
75
74
69
70
63
62
57
54
51
47
44
58
53
52
46
43
41
42
37
36
27
24
19
26
25
18
16
17
35
34
39
38
145
154
150
153
155
160
161
164
60
61
66
65
172
173
176
183
187
188
189
190
87
88
94
95
100
207
206
202
201
197
196
198
203
204
194
195
193
192
199
200
205
312
311
307
306
302
301
303
308
309
299
300
305
310
304
298
297
276
275
271
270
318
249
248
245
244
224
223
214
215
219
218
227
226
229
234
237
228
235
236
246
247
252
253
251
254
257
261
264
267
256
262
263
268
272
273
280
279
284
285
291
283
286
290
296
289
287
282
294
295
293
292
288
281
278
277
274
170
171
166
165
269
315
266
265
260
258
259
255
314
250
143
144
140
139
119
118
220
221
225
313
231
232
239
240
241
242
243
238
233
230
222
213
211
212
216
217
109
110
114
113
122
121
123
130
131
124
129
132
141
142
147
146
148
151
157
158
163
167
168
175
174
179
180
186
178
181
185
191
184
182
177
169
210
162
159
156
152
149
209
138
133
128
125
117
208
135
136
137
134
127
126
120
14
13
116
115
112
111
108
106
107
4
5
9
8
3
1

Tour Length: 44384
