FarthestInsertion solution for TSP problem on u1060.tsp

719
718
717
715
716
678
673
672
674
677
679
676
675
684
683
671
608
609
607
606
604
605
610
613
619
621
622
626
628
632
633
634
635
669
670
668
664
643
642
644
662
645
641
640
647
661
649
653
660
663
659
658
665
667
666
657
656
655
654
650
652
651
648
646
639
638
637
636
631
630
629
627
625
623
620
624
618
617
614
616
615
612
611
603
602
601
437
438
436
435
434
433
432
429
431
430
428
398
397
396
395
394
392
391
274
275
269
273
270
271
272
268
266
265
264
267
196
197
198
200
201
202
203
204
199
195
194
205
193
192
191
190
189
188
187
186
185
184
183
182
180
181
174
173
175
179
178
177
176
171
170
172
169
168
167
164
163
162
161
160
159
158
157
166
165
156
155
154
152
153
146
145
147
151
150
149
148
143
142
144
141
140
139
138
133
136
135
134
132
114
884
885
887
886
883
889
888
112
113
115
116
120
121
118
119
117
110
109
111
890
893
891
892
95
97
96
108
98
102
101
103
104
107
106
105
123
122
124
129
128
131
130
125
126
127
137
8
9
7
6
5
4
1
3
2
1060
1059
1058
1057
1056
1055
10
11
1053
1054
31
30
12
15
16
18
19
17
20
14
13
21
22
23
100
84
24
25
33
26
27
28
29
32
1051
1052
1050
1043
1044
34
36
35
37
1042
1041
1040
1039
1045
1047
1049
1048
1046
1038
1037
1036
1035
1034
57
56
58
59
1033
1032
1031
61
1030
1029
64
65
66
67
68
69
72
74
75
76
73
71
70
63
62
60
55
54
38
39
40
42
41
43
53
52
51
44
45
46
50
49
48
47
85
86
87
88
83
89
92
91
99
94
93
90
82
77
81
80
78
79
898
899
897
896
894
895
901
900
902
903
904
906
905
907
909
910
911
908
913
914
916
917
918
926
927
928
930
931
932
934
933
929
935
936
953
952
954
951
955
956
958
959
961
962
965
963
960
957
964
950
949
947
948
966
946
945
969
975
976
977
979
980
984
986
990
991
992
993
1014
1015
1013
1016
1018
1019
1028
1027
1021
1020
1017
1012
1001
1000
1002
1009
1003
999
998
1005
1008
1011
1010
1026
1022
1007
1023
1025
1024
1006
1004
997
996
995
994
989
988
987
985
983
981
978
982
971
973
974
972
970
968
967
943
944
942
941
940
937
938
925
924
920
923
922
921
919
915
912
863
865
864
862
861
858
860
859
220
222
223
225
226
227
856
857
855
854
853
229
228
230
231
232
237
238
241
840
842
843
844
847
848
849
850
851
852
846
845
841
839
819
820
243
242
244
245
246
247
248
249
253
252
250
251
239
240
236
235
234
233
224
221
219
218
866
216
869
871
872
881
882
880
873
874
878
879
875
877
876
870
868
867
215
214
217
209
212
213
211
210
206
208
207
259
260
261
262
263
258
257
256
255
254
286
311
310
312
287
288
289
292
296
297
299
300
298
302
320
350
353
354
352
351
321
326
327
323
328
329
330
339
345
349
355
356
358
363
365
364
371
375
376
385
386
387
384
383
382
381
380
379
377
378
373
372
370
367
369
368
366
362
359
360
361
357
346
348
347
344
342
343
340
341
331
338
336
337
806
808
809
810
811
812
814
817
815
818
821
837
838
939
836
835
822
823
824
834
833
828
829
830
827
832
831
826
825
807
813
335
333
332
334
325
324
322
305
319
306
318
816
317
307
316
308
315
314
313
309
304
303
301
295
294
293
291
290
285
284
283
282
374
281
280
279
278
277
276
389
390
393
388
406
407
408
410
486
488
487
490
489
491
494
495
499
500
501
507
508
509
510
511
506
513
512
514
505
502
498
503
504
515
517
523
524
525
522
521
516
518
520
519
497
496
493
492
485
484
412
411
413
421
422
423
420
415
419
414
409
405
404
399
400
403
401
402
416
417
418
425
424
426
427
441
448
449
458
459
462
463
464
466
473
474
475
483
482
480
481
526
532
533
535
758
757
759
765
766
767
768
777
778
770
771
776
779
780
781
784
785
786
787
793
794
795
796
798
801
802
803
805
804
800
799
797
791
792
790
789
788
783
782
774
775
773
772
769
763
764
762
761
760
756
755
754
753
752
751
750
536
538
537
543
545
546
548
547
544
542
549
541
540
539
534
527
531
530
550
552
553
551
529
528
479
478
477
476
472
471
470
467
468
469
465
554
555
461
460
556
557
562
564
565
566
574
575
576
737
738
736
735
730
734
739
740
741
745
747
748
749
746
744
743
742
733
732
731
578
577
579
580
581
582
699
700
726
727
729
728
725
724
723
701
698
583
584
586
585
573
572
568
567
563
561
560
558
559
457
456
450
447
442
440
439
443
444
445
600
599
446
451
452
453
455
454
595
594
596
598
597
593
592
571
570
569
589
588
587
590
591
697
696
695
692
691
707
708
722
721
720
709
710
711
706
702
703
705
704
693
694
687
688
689
690
686
685
682
681
680
712
713
714
719

Tour Length: 268521
