NearestNeighbour solution for TSP problem on u1060.tsp

1
3
4
1060
1059
1058
1057
1056
1055
1052
1054
1053
31
30
12
29
28
27
32
1051
1050
1043
1044
1042
1041
1040
1039
37
1034
1035
1036
1037
1038
1045
1047
1048
1046
1049
34
33
36
35
25
24
23
22
21
26
13
14
17
19
18
20
16
15
105
106
107
104
103
101
102
98
99
94
93
892
95
96
97
108
117
119
118
121
120
116
115
113
112
888
883
889
890
891
893
894
895
901
900
902
903
904
906
905
907
908
912
913
914
915
916
917
918
924
926
925
927
928
930
931
929
932
933
934
947
946
945
943
944
967
968
969
966
948
949
964
950
955
956
951
952
954
953
935
936
937
938
939
838
836
837
820
819
839
841
845
846
844
843
842
241
242
243
840
244
246
245
247
240
239
238
237
231
230
228
229
853
854
227
226
225
856
857
860
859
858
220
219
221
222
223
224
233
232
234
235
236
251
250
252
249
248
310
311
312
287
288
289
292
291
290
293
294
295
298
299
300
301
302
320
321
326
327
323
322
324
325
332
333
335
331
336
337
338
341
340
339
330
329
328
345
346
347
344
342
343
348
357
356
355
349
354
353
352
350
351
297
296
371
370
372
373
375
376
380
379
377
378
381
382
383
384
386
387
385
374
281
282
283
284
285
286
254
256
265
264
266
267
196
197
198
195
199
204
203
202
201
207
208
209
217
212
213
211
210
206
214
216
215
867
868
869
871
872
873
874
878
879
877
875
876
870
880
881
882
886
887
884
885
132
114
109
111
110
131
130
128
129
124
125
126
127
137
136
135
134
133
138
139
140
141
144
143
142
148
147
146
145
149
150
151
152
153
154
155
156
158
157
159
160
165
166
167
168
164
163
162
161
169
172
171
176
175
174
173
170
177
178
179
180
181
182
183
184
186
185
187
188
189
190
191
192
193
205
194
200
259
260
261
262
263
258
257
255
253
314
313
315
308
307
316
317
816
817
815
814
812
811
810
807
808
809
825
826
824
823
822
835
834
833
827
832
830
831
829
828
941
940
942
965
963
960
959
961
962
957
958
80
78
79
82
81
77
76
75
74
73
72
71
53
52
51
43
44
45
46
49
50
48
47
85
86
87
88
92
91
90
89
83
84
100
41
40
42
38
39
54
55
59
58
56
57
1033
1032
1031
61
60
62
63
64
65
66
67
69
70
68
991
992
993
1014
1013
1015
1016
1017
1012
1011
1009
1008
1010
1022
1007
1023
1006
1005
1004
998
997
999
1002
1000
1001
1003
1025
1024
1026
1021
1020
1019
1018
1028
1027
996
995
994
989
988
987
990
986
985
983
984
980
981
978
979
977
976
975
971
972
970
973
974
982
1029
1030
11
10
5
7
6
8
9
122
123
896
897
898
899
919
921
920
922
923
851
850
848
847
852
849
855
861
862
863
864
865
866
911
910
909
218
271
270
272
269
277
276
275
273
268
278
279
280
389
390
274
391
392
393
394
395
396
397
398
399
400
403
401
402
428
430
431
432
433
435
434
436
438
439
440
443
444
445
600
599
446
451
452
450
449
447
448
442
441
427
426
425
424
419
416
417
418
414
415
413
420
421
422
423
411
410
409
408
407
406
404
405
388
412
486
487
488
489
490
368
369
367
366
359
360
361
362
358
363
364
365
494
493
491
492
495
496
497
503
504
518
520
519
516
515
517
521
522
523
524
525
532
526
479
481
480
475
476
472
471
470
467
468
469
465
466
473
474
483
482
478
477
528
527
531
530
529
550
551
552
553
564
563
562
557
561
560
558
559
455
454
453
595
594
596
597
598
593
592
686
687
688
689
690
682
681
680
676
677
679
678
716
715
714
713
712
711
710
709
720
721
722
708
707
706
702
703
705
704
691
692
693
695
694
591
590
589
587
586
584
583
582
581
580
579
577
578
736
576
575
574
573
572
568
567
566
565
548
547
546
545
738
737
735
734
730
731
729
727
728
725
726
698
696
697
588
569
570
571
456
457
458
459
462
463
461
460
556
555
554
464
484
485
499
500
501
502
498
507
509
508
510
511
506
513
512
505
514
785
786
787
788
783
782
784
781
780
779
775
774
773
772
771
770
768
769
767
777
778
776
766
765
764
763
762
761
760
755
754
756
753
757
758
759
752
751
750
749
538
537
536
539
534
535
533
540
541
542
543
544
549
748
747
746
745
744
743
742
741
740
739
732
733
724
723
700
699
701
585
685
684
683
671
608
609
607
606
605
604
603
602
601
437
611
610
612
613
619
620
621
622
623
625
626
628
627
629
632
631
630
636
637
638
639
640
641
644
642
643
669
668
670
667
665
658
663
660
661
662
645
647
646
648
650
651
652
653
654
659
655
657
656
666
664
649
635
634
633
673
672
674
675
717
718
719
624
618
617
614
616
615
429
303
304
309
305
319
306
318
813
334
806
818
821
805
804
803
802
801
796
798
797
799
800
795
794
793
792
791
790
789
2
1

Tour Length: 281135
