TwoOpt solution for TSP problem on u1060.tsp

719
718
717
715
716
678
673
672
674
677
679
676
675
684
683
671
608
609
607
604
605
606
610
613
619
621
622
626
628
632
633
634
635
669
670
668
667
664
643
642
644
662
661
649
653
660
663
659
658
665
666
657
656
655
654
652
651
650
648
647
645
646
640
641
639
638
637
636
631
630
629
627
625
623
620
624
618
617
614
616
615
612
611
603
602
601
437
438
436
434
435
433
432
431
430
428
429
398
397
396
395
394
392
391
274
275
269
273
270
271
272
268
266
265
264
267
196
197
198
200
201
202
203
204
199
195
194
205
193
192
191
190
189
188
187
186
185
184
183
182
181
180
179
178
177
176
175
174
173
171
170
172
169
168
167
164
163
162
161
157
158
159
160
166
165
156
155
154
153
152
151
150
149
148
147
146
145
143
142
144
141
140
139
138
136
133
135
134
132
114
884
885
887
886
883
889
888
112
113
115
116
120
121
118
119
117
111
109
110
890
893
891
892
95
96
97
108
98
102
101
103
104
107
106
105
123
122
124
129
128
131
130
125
126
127
137
8
9
7
6
5
2
3
1
4
1060
1059
1058
1057
1056
1055
10
11
1053
1054
31
30
12
15
16
18
19
17
20
14
13
21
22
23
100
84
24
25
33
26
27
28
29
32
1051
1052
1050
1043
1044
34
36
35
37
1039
1040
1041
1042
1047
1049
1048
1046
1045
1038
1037
1036
1035
1034
57
56
59
58
1033
1032
1031
61
62
63
64
1029
1030
65
66
67
69
68
72
74
75
76
73
71
70
60
55
54
39
38
40
41
42
43
53
52
51
44
45
46
50
49
48
47
85
86
87
88
83
89
92
91
99
94
93
90
82
77
81
80
78
79
898
899
897
896
894
895
901
900
902
903
904
906
905
907
909
910
911
908
913
914
916
917
918
926
925
927
928
929
933
934
932
931
930
953
952
954
951
955
956
958
959
957
960
961
962
963
965
964
950
949
947
946
945
948
966
975
976
977
979
980
984
986
990
991
992
993
1014
1015
1013
1016
1018
1019
1028
1027
1021
1020
1017
1012
1001
1000
1002
1009
1003
1005
1008
1011
1010
1026
1022
1007
1023
1025
1024
1006
1004
998
999
997
996
995
994
989
988
987
985
983
981
978
982
974
973
971
972
970
969
968
967
943
944
942
941
940
935
936
937
938
924
923
920
922
921
919
915
912
863
865
864
862
861
220
858
860
859
222
223
226
227
225
856
857
855
854
853
229
228
230
231
232
237
238
241
840
842
844
843
852
851
850
849
848
847
846
845
841
839
819
820
243
242
244
246
245
247
248
249
253
252
250
251
240
239
236
235
234
233
224
221
219
218
209
217
866
869
871
872
881
882
880
873
874
878
879
877
876
875
870
868
867
215
216
214
213
212
211
210
206
208
207
259
260
261
262
263
258
257
256
255
254
286
311
310
312
287
288
301
303
304
309
313
314
315
308
307
316
317
816
318
306
305
319
322
324
325
331
335
333
332
334
813
807
811
812
814
815
817
818
821
837
838
939
836
835
822
823
824
834
833
828
829
830
827
832
831
826
825
809
810
808
806
337
336
338
340
341
343
342
344
347
346
348
357
362
361
360
359
366
367
368
369
370
372
373
376
377
378
379
380
381
382
383
384
387
386
385
375
371
365
364
363
358
356
355
349
345
328
339
330
329
323
327
326
321
351
352
354
353
350
320
302
300
298
299
297
296
295
294
293
290
291
292
289
285
284
283
282
374
281
280
279
278
277
276
389
390
393
388
406
407
408
410
486
487
488
490
489
491
494
499
500
501
507
508
509
510
511
506
513
512
514
505
502
498
503
504
515
517
522
523
524
525
521
516
518
520
519
497
496
495
493
492
485
484
412
411
413
420
421
422
423
419
414
415
409
404
405
399
400
403
401
402
416
417
418
425
424
426
427
441
448
449
458
459
462
463
464
466
473
474
483
482
480
481
526
532
533
535
757
759
758
765
766
767
768
776
777
778
779
780
781
784
785
786
793
794
795
796
798
801
802
803
805
804
800
799
797
792
791
790
789
787
788
783
782
775
774
773
772
771
770
769
764
763
762
761
760
755
754
756
753
752
751
750
538
536
537
542
543
544
547
546
545
548
549
540
541
539
534
531
530
550
552
553
551
529
528
527
479
478
477
476
475
472
471
470
469
468
467
465
554
555
461
460
556
557
562
564
565
573
574
575
576
737
738
739
740
741
745
747
748
749
746
744
743
742
733
732
731
730
734
735
736
578
577
579
580
581
582
726
727
729
728
725
724
723
700
699
701
698
583
584
586
585
572
568
567
566
563
561
560
558
559
456
457
450
447
442
440
439
443
444
445
600
599
446
451
452
598
597
596
453
455
454
595
594
593
592
571
570
569
589
588
587
590
591
697
696
695
693
692
691
707
708
722
721
720
709
710
711
706
702
703
705
704
690
689
688
694
687
686
685
682
681
680
712
713
714
719

Tour Length: 254084
