Solution for TSP problem on u1060.tsp

72
71
70
69
68
67
993
992
991
990
986
984
980
979
978
977
976
975
971
970
972
973
974
982
981
983
985
987
988
989
994
995
996
997
1004
998
999
1002
1000
1001
1009
1008
1003
1005
1006
1024
1023
1007
1025
1022
1010
1026
1021
1020
1011
1012
1014
1015
1013
1016
1017
1018
1019
1027
1028
1030
1029
64
65
66
63
62
60
61
55
59
58
56
57
1034
1035
1033
1032
1031
1036
1037
1038
1045
1046
1047
1048
1049
1050
1043
1044
1042
1041
1040
1039
37
38
39
54
53
52
51
50
49
83
47
48
46
45
44
43
42
40
41
35
36
34
33
25
24
23
22
21
26
27
28
29
32
1051
1052
1055
1056
1057
1058
1
3
2
6
7
5
4
1060
1059
10
11
1053
1054
31
30
12
13
14
20
19
17
18
16
15
123
122
9
8
137
127
126
125
124
129
128
130
131
134
135
133
136
138
139
140
141
142
143
144
145
146
147
148
149
150
151
152
153
154
155
156
165
166
160
159
158
157
161
162
163
164
167
168
169
170
171
172
173
174
175
176
177
178
179
180
181
182
183
184
186
185
187
188
189
190
191
192
193
194
195
199
204
205
206
210
211
212
213
214
216
215
867
868
869
871
872
870
875
876
877
879
878
874
873
880
881
882
889
883
884
886
887
885
132
114
888
112
113
109
110
111
115
116
120
121
118
119
117
108
107
106
105
104
103
102
101
100
84
85
86
87
88
92
89
90
91
93
94
99
98
97
96
95
892
890
891
893
894
896
898
899
897
895
901
900
902
903
904
906
905
907
916
917
918
926
927
925
924
923
920
922
921
919
915
914
913
912
908
909
910
911
866
865
864
863
862
861
220
219
218
217
209
208
207
203
202
201
200
198
197
196
267
266
265
264
262
259
260
261
263
258
257
256
253
255
254
286
285
289
288
287
312
311
310
248
249
252
250
251
236
235
234
232
233
224
223
221
222
859
858
860
857
856
225
226
227
854
855
851
850
849
848
847
852
846
845
841
839
840
243
242
241
842
844
843
853
229
228
230
231
237
238
239
240
247
246
244
245
314
313
315
308
309
304
303
301
298
300
299
297
296
295
294
293
292
291
290
374
281
282
284
283
280
279
278
268
272
271
270
273
269
277
276
390
389
275
274
391
392
393
394
395
396
397
398
399
401
402
403
400
404
405
406
388
387
386
385
384
383
382
381
380
379
378
377
376
375
373
372
371
370
365
364
363
358
362
361
360
359
366
367
369
368
490
489
488
487
486
485
484
492
491
493
494
495
496
497
519
520
518
504
503
502
498
499
500
501
507
508
509
510
511
506
513
512
505
514
517
515
516
521
522
523
524
525
533
532
526
527
531
530
529
528
479
481
480
478
477
476
475
482
483
474
472
471
473
466
470
469
468
467
465
464
423
422
420
421
412
411
410
407
408
409
413
415
414
419
416
417
418
425
424
426
427
441
442
448
447
449
450
458
457
456
459
462
463
461
460
556
555
554
553
552
551
550
549
540
541
542
543
544
547
548
546
545
738
737
575
576
736
578
577
579
574
573
572
568
567
566
565
564
563
562
557
561
560
558
559
455
454
453
595
594
596
597
598
452
451
446
599
600
445
444
443
440
439
435
433
432
431
430
428
429
434
436
438
437
601
602
603
611
610
606
605
604
607
609
608
671
683
684
675
674
672
673
670
668
669
635
634
633
632
628
626
622
621
620
619
613
612
614
615
616
617
618
624
623
625
627
629
630
631
636
637
638
639
646
647
648
651
650
652
653
654
659
660
661
649
645
640
641
644
642
643
662
663
658
664
667
665
666
657
655
656
719
718
717
714
715
716
678
679
677
676
680
681
682
690
689
688
687
686
685
593
592
571
570
569
589
590
591
587
588
586
584
585
580
581
583
582
698
697
696
695
694
693
692
691
702
703
705
704
712
713
711
710
709
720
721
722
708
707
706
701
699
700
723
724
725
726
727
728
729
731
730
735
734
732
733
739
740
741
742
743
744
745
746
747
748
749
538
537
536
539
534
535
750
751
752
753
754
755
756
757
758
759
760
761
762
763
764
765
766
767
769
770
768
777
778
776
771
772
773
774
775
779
780
781
782
783
784
785
786
787
788
789
790
791
792
793
794
795
796
797
798
799
800
801
802
803
804
805
343
342
344
347
346
348
357
356
355
349
345
328
329
330
339
340
341
338
337
336
335
333
331
332
334
325
324
323
322
321
326
327
352
354
353
350
351
320
302
305
319
318
306
307
316
317
816
817
815
814
813
807
806
808
809
810
811
812
818
821
820
819
837
835
822
823
824
826
825
831
830
832
829
828
827
833
834
836
838
939
937
938
935
936
940
941
942
944
943
967
968
969
966
948
945
946
947
934
933
932
929
931
930
928
953
952
954
951
955
956
950
949
964
965
963
962
961
960
957
959
958
80
79
78
82
81
77
76
75
74
73

Tour length: 226736
